VIII PREFAZIONE.

10 Exempto. Finita 13 00013 0 1000011013 00113 1111101000 Co
monale, 11 Tamburini si 31110111000001100 003 1101011000 (¹),
ohe 010000 3 013010010 101010, 001 titolo: - 1100000010 Rambaioi
do Imolo, 1110011010 00110 vito 0 00110 opere, 0 ati toi Commenta latino
00111 1110100000100111011110010 1111101ἰο11, 0011010111 itott'ttoo ‹tat-
l’oovocoto Gtoooom 1001101101.

La traduzione 101 Tamburini 000 10 00010 3000110 000
101010 13’ 130101111; 0111 011100 3 10100 00 01011110 013101010-
1100101010 11 Β1000, 0110 13 110111311 eine 1011010011 0000010οη111
010001100111. 101111 chiarissimo 3010110000, Charles Ε1101 Νο1-
100, 10 00 011100101000111000113 11111013 T 10 Atlantia 11001110
1010130010 1861, 0 11010100010 0111 13111 0000131301οηῑο 000
00010010 (³), 000110010010 quanto erasi pubblioato 101 111010-
1011000131101011000, 00 01011 011 011011 0131010311 00113
101011100010 101 131100, 013 0011001000 0 13101010101101011000
di que'luoghi 101 Commonto 0110 0111 31130001300 1 Papi 01
11 Claro, 10 10010 13 10010113 0113110 1001110 agli studiosi 101 ,
divino Poeta. (110101111001101 00100 000010 010001 10011 011011
001311 131 010001 Νο1100.

00110 0110 1011011110 1011013 10110 110010110101011001000, 0 0110 1000100000 10000
001110001100131111100111 1011101010101011000 0 10 1000110110 101 101010, 11
010110 10113 00010 0 10110 0001010013 000 0010000 mai 0111000000101 10000010
00011 1001001 011011111, 0 0001 0 1010 11 1110 0. 111.0010100101001 11 010100 151010-
11101010110000 181310 00010 101 110. o

(¹) 0 1100001 100011010 0011110310 001 10 010100011600010010001001001011110
10110 11010000111111101000, 100 100010 00100010 10 1000010110 0100110111 1011010110,
0 senza 00010 00001οΙ0 0011000οο 11 S. Α. 000 10 01101 00 101010 ne potato. 111
01010 00011010 1000100110 10 110000 101100 00010 nel 0010100010, quella 010000
10110 1011001 0011010113110, 0’010 011010 0000000110 00110101011100010 10011 011-
1011, 000 100000100οο il 10101101 mezzo 11’1110011011000,0 001100100010110 00-
101011110010,00110 non 000000001000011111110010 11 00 000010 10 1010010.
1011110001010 000 000 10010 dicisque 000011, 000 00 quanto 01101 01010100
0100003το 10 0000111000 101 Commenta stesso, 010 011010 11000011011000 0 quast
00110100110001000110001010. 11111001 0011001011 vollare, 00010 000010,Ι 1101010
1101010οη10 10 11011300. 311011οη10ιο1 00110 011010 (1001100 0111 0110110010010 01 10010,
0010 0111110 101 00010010 10110 101010 1100000001οη10 11 quo' 0101011 1111 mono
100010 00110 01110 100 10011010. 0 Tanomm, 00. Pressa.

(⁸) 1000010101110001110100101100 1111011110ηο 101· 0111110101 1100111010, 100
111. L. G. 111000110110, 10011.

(¹) A 11001010 o! a translation 11110 11011011 o! 110 commentam 10 1000011010
(to 1101000110 Divino 0010010110. Cambridge, 11000001000110, 1011.

 

